

 PRZYK£ADY DO TESTOWANIA PROCEDUR TRANSFORMACJI
 WSPÓ£RZÊDNYCH (w szczególnoœci funkcji korekt 
 uk³adu "1965")      
 Obliczenia wykonano programem GEONET_unitrans   

 1) Wspó³rzêdne geograficzne-geodezyjne na elipsoidzie 
    GRS-80 (WGS-84)jako dane pierwotne:  
 
             Nr    B         L        H
                 o  '  "  o  '  "    [m]          
             40 51 24  0 19  6  0   0.0000  
             50 51 18  0 23 12  0   0.0000  
             60 49 18  0 22 12  0   0.0000  
             70 49 30  0 19 30  0   0.0000  
             80 52 30  0 20  6  0   0.0000  
             90 54  6  0 20  6  0   0.0000  
            100 54  6  0 23  6  0   0.0000  
            110 52 18  0 23  0  0   0.0000  
            120 53  0  0 14 18  0   0.0000  
            130 54  0  0 15  0  0   0.0000  
            140 54 24  0 18  6  0   0.0000  
            150 52 18  0 15  6  0   0.0000  
            160 52  6  0 18 18  0   0.0000  
            170 50 24  0 17 30  0   0.0000  
            180 51  6  0 15 12  0   0.0000  
            190 50  6  0 18 12  0   0.0000  
            200 51  0  0 18 18  0   0.0000  
            210 50 18  0 19 24  0   0.0000  
            220 50  0  0 19  6  0   0.0000  
        
 2) Wspó³rzêdne geocentryczne (XYZ) 
    dla GRS/WGS-84 elipsoidy:   

     Nr       X             Y             Z   [m]
     40 3767841.60686 1304732.13781 4961428.95879  
     50 3672899.99889 1574206.95028 4954480.40408  
     60 3858285.84080 1574537.28607 4812381.34344  
     70 3912253.40292 1385401.59042 4826856.82966  
     80 3653987.33752 1337169.47967 5036864.58472  
     90 3519917.33022 1288106.82418 5143278.36844  
    100 3447679.10346 1470559.75792 5143278.36844  
    110 3597887.24799 1527212.52833 5023285.81848  
    120 3727493.17111  950126.09533 5070543.50324  
    130 3629191.07534  972438.81782 5136743.83131  
    140 3536967.65832 1156059.22895 5162788.13404  
    150 3773648.39946 1018208.48220 5023285.81848  
    160 3727621.42771 1232792.92010 5009646.05105  
    170 3885138.42421 1224979.43978 4891269.48565  
    180 3872976.80576 1052264.50886 4940538.21290  
    190 3894255.71448 1280366.13214 4869931.32657  
    200 3818618.38249 1262887.28558 4933544.62011  
    210 3850466.41975 1355963.27494 4884171.57287  
    220 3881721.70431 1344166.65723 4862789.03759  


 3)  Wspó³rzêdne geograficzne-geodezyjne dla elipsoidy
     Krasowskiego  
   Nr    B[o ' "]         L[o ' "]         H [m]                                40 51 24  1.1072950 19  6  6.4439190  -34.4560          
   50 51 18  0.8676800 23 12  6.3556216  -27.8553  
   60 49 18  1.0100122 22 12  6.0923012  -30.4235  
   70 49 30  1.1577218 19 30  6.1640269  -34.8818  
   80 52 30  1.0036219 20  6  6.6027594  -32.2649  
   90 54  6  0.9392471 20  6  6.8763019  -31.4897  
  100 54  6  0.7538810 23  6  6.8163398  -26.9265  
  110 52 18  0.8369502 23  0  6.5150140  -27.7647  
  120 53  0  1.3392412 14 18  6.7398966  -41.1487  
  130 54  0  1.2603625 15  0  6.9116025  -39.3762  
  140 54 24  1.0518909 18  6  6.9590848  -34.3883  
  150 52 18  1.3150431 15  6  6.6212479  -40.3615  
  160 52  6  1.1283054 18 18  6.5631601  -35.3517  
  170 50 24  1.2403957 17 30  6.3137239  -37.6922  
  180 51  6  1.3515551 15 12  6.4333391  -41.0344  
  190 50  6  1.2104903 18 12  6.2635974  -36.7104  
  200 51  0  1.1704027 18 18  6.3934174  -35.9967  
  210 50 18  1.1323997 19 24  6.2772488  -34.5858  
  220 50  0  1.1616190 19  6  6.2386772  -35.2618  



       4) Wspó³rzêdne centryczne (XYZ) dla 
           elipsoidy Krasowskiego  
             Nr       X             Y             Z 
             40 3767817.95169 1304855.77303 4961510.72038  
             50 3672877.36416 1574331.21241 4954562.65274  
             60 3858263.32689 1574661.03742 4812463.42571  
             70 3912230.16459 1385524.93687 4826938.58139  
             80 3653963.73860 1337293.47660 5036946.49530  
             90 3519893.44518 1288231.14311 5143360.31752  
            100 3447655.90385 1470684.52567 5143360.65329  
            110 3597864.37562 1527336.93808 5023368.06248  
            120 3727468.05976  950249.40767 5070624.75029  
            130 3629165.98955  972562.43582 5136825.19800  
            140 3536943.25260 1156183.33320 5162869.86554  
            150 3773623.59324 1018331.74520 5023367.13235  
            160 3727597.45686 1232916.57547 5009727.73839  
            170 3885114.52352 1225102.65024 4891351.01952  
            180 3872952.20114 1052387.53817 4940619.49099  
            190 3894232.04251 1280489.38898 4870012.93648  
            200 3818594.59174 1263010.72644 4933626.27249  
            210 3850443.02377 1356086.74966 4884253.33743  
            220 3881698.28089 1344290.03140 4862870.75565  


        5)  Wspó³rzêdne w uk³adzie "2000" 
           
            STREFA 1(15)                zniekszta³cenie  konwergencja 
     Nr       x             y               [cm/km]      [g]              
    120 5874397.28998 5453007.88134    -4.991   -0.621172  <2000>  Lo = 15
    130 5985455.11274 5500000.00000    -7.700   -0.000000  <2000>  Lo = 15       150 5796282.97227 5506821.27152    -7.643    0.087914  <2000>  Lo = 15       180 5662793.60592 5514008.25037    -7.459    0.172943  <2000>  Lo = 15     
            STREFA 2(18)
     40 5696722.20058 6576544.68389    -0.509    0.955238  <2000>  Lo = 18        70 5485894.08650 6608644.53945     6.794    1.267466  <2000>  Lo = 18       140 6029979.78209 6506494.05009    -7.648    0.090345  <2000>  Lo = 18       160 5774068.21079 6520555.85821    -7.181    0.263029  <2000>  Lo = 18
    170 5585029.64609 6464453.25011    -6.149   -0.428067  <2000>  Lo = 18       190 5551561.70080 6514308.27912    -7.449    0.170481  <2000>  Lo = 18
    200 5651693.35514 6521057.66183    -7.156    0.259050  <2000>  Lo = 18
    210 5574725.03947 6599738.57785     4.513    1.196942  <2000>  Lo = 18
    220 5541000.31431 6578858.42041    -0.065    0.936324  <2000>  Lo = 18
   
            STREFA 3(21) 
     60 5463263.67194 7587269.91899     1.652    1.010909  <2000>  Lo = 21
     70 5485894.08650 7391355.46055     6.794   -1.267466  <2000>  Lo = 21
     80 5818912.34980 7438886.14434    -3.117   -0.793378  <2000>  Lo = 21
     90 5996959.40490 7441128.62875    -3.449   -0.810065  <2000>  Lo = 21

            STREFA 4(24)
     50 5685327.26581 8444209.46987    -3.880   -0.693734  <2000>  Lo = 24       100 5996959.40490 8441128.62875    -3.449   -0.810065  <2000>  Lo = 24
    110 5796749.26763 8431788.14599    -1.990   -0.879171  <2000>  Lo = 24
      
            
        6) Uk³ad "1992"  
                                 zniekszta³cenie, zbie¿noœæ po³udn.                                                          
     Nr       x             y         [cm/km]    conv. [g]  
     40  392603.69592  506954.36554   -69.941    0.086836  <1992>
     50  389859.35815  792662.71651    35.210    3.644579  <1992>
     60  164093.24889  732559.31778    -3.539    2.696791  <1992>
     70  181515.34216  536192.85383   -68.391    0.422452  <1992>
     80  515474.83402  574647.78298   -63.158    0.969699  <1992>
     90  693407.86814  571908.61238   -63.653    0.990093  <1992>
    100  700620.40775  767956.69785    18.139    3.692371  <1992>
    110  500201.88063  772625.10084    21.274    3.518702  <1992>
    120  580843.80196  184773.45123    52.015   -4.174065  <1992>
    130  689131.39152  237946.30216    14.300   -3.597663  <1992>
    140  726591.22943  441590.72689   -65.813   -0.813124  <1992>
    150  499829.66153  234187.83286    16.769   -3.430631  <1992>
    160  470659.30721  452066.45240   -67.179   -0.613744  <1992>
    170  282505.46395  393428.20932   -56.048   -1.284309  <1992>
    180  366114.42706  234050.09872    16.882   -3.287831  <1992>
    190  248390.01221  442802.84911   -65.981   -0.681943  <1992>
    200  348362.37846  450896.27521   -67.038   -0.604459  <1992>
    210  270391.16407  528479.45780   -69.004    0.341958  <1992>
    220  236973.23814  507164.55603   -69.937    0.085116  <1992>

         7) 
            Uk³ad "1965" (teoretyczny)- wynik przekszta³ceñ matematycznych
            z elipsoidy GRS-80     
                 
    STREFA 1  (quasi-stereographic projection)  
    Nr       x             y [m]      [cm/km]   conv.[g]          
    40 5555090.67391 4499130.75730    -3.573   -1.711467  <1965> strefa:    1     50 5544227.35941 4784711.61613    -2.950    1.828405  <1965> strefa:    1
    60 5320281.86674 4718333.23263    -2.723    0.951457  <1965> strefa:    1
    70 5343133.01149 4522449.11592    -2.523   -1.347547  <1965> strefa:    1    210 5432244.87051 4517217.58423   -10.450   -1.441002  <1965> strefa:    1
   220 5399416.38159 4494961.43989    -4.808   -1.694453  <1965> strefa:    1
       
    STREFA 2  (quasi-stereographic projection) 
    80 5751109.43013 4507882.08219   -12.600   -1.239113  <1965> strefa:    2
    90 5929121.38200 4511370.59872    -5.551   -1.252123  <1965> strefa:    2
   100 5929388.75171 4707595.25153    -3.951    1.429328  <1965> strefa:    2
   110 5728990.33217 4705240.24364    -9.946    1.324124  <1965> strefa:    2 
  
    STREFA 3  (quasi-stereographic projection)
   130 6047264.65611 3369464.18446    -7.960   -1.798885  <1965> strefa:    3
   140 6090464.61802 3572012.39221   -11.776    0.982978  <1965> strefa:    3          
    STREFA 4  (quasi-stereographic projection)
    40 5599713.61183 3872026.96414    -2.008    2.113840  <1965> strefa:    4    150 5698190.56149 3595894.72687    -9.852   -1.374760  <1965> strefa:    4
   160 5676026.88472 3814642.06588   -10.877    1.424644  <1965> strefa:    4
   170 5486011.51454 3761974.13471    -5.665    0.716705  <1965> strefa:    4
   180 5564576.99089 3600022.77367   -11.099   -1.276649  <1965> strefa:    4
   200 5553685.61097 3817366.63450    -8.672    1.413824  <1965> strefa:    4

    STREFA 5  (GAUSS-KRUEGER projection)
    40  996633.78669  246983.41612    -1.578    0.124572  <1965> strefa:    5    200  952330.34657  190911.74365     0.907   -0.566947  <1965> strefa:    5
   210  874348.90528  268592.10007    -0.475    0.379071  <1965> strefa:    5
   220  840896.01781  247281.07047    -1.570    0.122057  <1965> strefa:    5 

 Uwaga: dla kontroli, niektóre punkty wyznaczono w ró¿nych strefach uk³adu. 
            --------------------------------------------------------------------------
            
 7a) UK³ad "1965" rzeczywisty (empiryczny, dopasowany do danych archiwalnych)
     [przekszta³cenie pomiêdzy ukladem rzeczywistym a teoretycznym realizuj¹
     funkcje korekt wielomianowych] 
           
     STREFA 1
  40 5555090.85753 4499130.72807    -3.573   -1.711467  <1965> strefa:    1
  50 5544227.28850 4784711.69631    -2.950    1.828405  <1965> strefa:    1
  60 5320281.92444 4718332.95870    -2.723    0.951457  <1965> strefa:    1
  70 5343133.24144 4522448.95114    -2.523   -1.347547  <1965> strefa:    1   210 5432245.26404 4517217.61085   -10.450   -1.441002  <1965> strefa:    1
 220 5399416.79489 4494961.35872    -4.808   -1.694453  <1965> strefa:    1           
     STREFA 2
  80 5751108.98309 4507882.30505   -12.600   -1.239113  <1965> strefa:    2
  90 5929121.31579 4511370.61833    -5.551   -1.252123  <1965> strefa:    2
 100 5929388.88756 4707595.20553    -3.951    1.429328  <1965> strefa:    2
 110 5728990.32765 4705240.36993    -9.946    1.324124  <1965> strefa:    2                      
     STREFA 3        
 130 6047264.02223 3369464.34621    -7.960   -1.798885  <1965> strefa:    3
 140 6090464.84299 3572012.34467   -11.776    0.982978  <1965> strefa:    3
          
     STREFA 4
  40 5599713.80897 3872026.90682    -2.008    2.113840  <1965> strefa:    4 
 150 5698190.52623 3595894.79264    -9.852   -1.374760  <1965> strefa:    4
 160 5676026.79802 3814641.71068   -10.877    1.424644  <1965> strefa:    4
 170 5486012.00804 3761973.94271    -5.665    0.716705  <1965> strefa:    4
 180 5564577.02196 3600022.86200   -11.099   -1.276649  <1965> strefa:    4   200 5553686.19138 3817366.49582    -8.672    1.413824  <1965> strefa:    4    
     STREFA 5
  40  996633.98642  246983.36144    -1.578    0.124572  <1965> strefa:    5 
 200  952330.93837  190911.62686     0.907   -0.566947  <1965> strefa:    5
 210  874349.30710  268592.10962    -0.475    0.379071  <1965> strefa:    5
 220  840896.43004  247280.97269    -1.570    0.122057  <1965> strefa:    5

Uwaga: dla kontroli, niektóre punkty wyznaczono w ró¿nych strefach ukladu "1965"    
-----------------------------------------------------------------------------         
